service_id,date,exception_type
151056,20260907,2
151056,20260831,1
151056,20260928,1
151056,20261026,1
151056,20261116,1
151056,20261214,1
151056,20260921,1
151056,20261019,1
151056,20261109,1
151056,20261207,1
151056,20270201,1
151056,20270104,1
151056,20261012,1
151056,20260914,1
151056,20261130,1
151056,20261102,1
151056,20270125,1
151056,20261228,1
151056,20270222,1
151056,20261005,1
151056,20261123,1
151056,20270322,1
151056,20270118,1
151056,20261221,1
151056,20270215,1
151056,20270315,1
151056,20270111,1
151056,20270308,1
151056,20270208,1
151056,20270301,1
151056,20261126,2
151056,20270304,1
151056,20260903,1
151056,20261001,1
151056,20261119,1
151056,20260924,1
151056,20261022,1
151056,20261112,1
151056,20261210,1
151056,20270204,1
151056,20270107,1
151056,20260917,1
151056,20261015,1
151056,20261105,1
151056,20261203,1
151056,20270128,1
151056,20261231,1
151056,20270225,1
151056,20260910,1
151056,20261008,1
151056,20270325,1
151056,20270121,1
151056,20261224,1
151056,20270218,1
151056,20261029,1
151056,20270318,1
151056,20270114,1
151056,20261217,1
151056,20270311,1
151056,20270211,1
151056,20270101,2
151056,20261225,2
151056,20261030,1
151056,20270319,1
151056,20270115,1
151056,20261218,1
151056,20270312,1
151056,20270212,1
151056,20270305,1
151056,20270205,1
151056,20270326,1
151056,20260904,1
151056,20261002,1
151056,20261120,1
151056,20260925,1
151056,20261023,1
151056,20261211,1
151056,20261113,1
151056,20270108,1
151056,20261016,1
151056,20260918,1
151056,20261204,1
151056,20261106,1
151056,20270129,1
151056,20270226,1
151056,20261009,1
151056,20260911,1
151056,20261127,1
151056,20270122,1
151056,20270219,1
149182,20270118,2
149182,20270215,2
149182,20260907,2
149182,20260831,1
149182,20260928,1
149182,20261026,1
149182,20261116,1
149182,20261214,1
149182,20260921,1
149182,20261019,1
149182,20261109,1
149182,20261207,1
149182,20270201,1
149182,20270104,1
149182,20261012,1
149182,20260914,1
149182,20261130,1
149182,20261102,1
149182,20270125,1
149182,20261228,1
149182,20270222,1
149182,20261005,1
149182,20261123,1
149182,20270322,1
149182,20261221,1
149182,20270315,1
149182,20270111,1
149182,20270308,1
149182,20270208,1
149182,20270301,1
149182,20261126,2
149182,20270304,1
149182,20260903,1
149182,20261001,1
149182,20261119,1
149182,20260924,1
149182,20261022,1
149182,20261112,1
149182,20261210,1
149182,20270204,1
149182,20270107,1
149182,20260917,1
149182,20261015,1
149182,20261105,1
149182,20261203,1
149182,20270128,1
149182,20261231,1
149182,20270225,1
149182,20260910,1
149182,20261008,1
149182,20270325,1
149182,20270121,1
149182,20261224,1
149182,20270218,1
149182,20261029,1
149182,20270318,1
149182,20270114,1
149182,20261217,1
149182,20270311,1
149182,20270211,1
149182,20270101,2
149182,20261225,2
149182,20261030,1
149182,20270319,1
149182,20270115,1
149182,20261218,1
149182,20270312,1
149182,20270212,1
149182,20270305,1
149182,20270205,1
149182,20270326,1
149182,20260904,1
149182,20261002,1
149182,20261120,1
149182,20260925,1
149182,20261023,1
149182,20261211,1
149182,20261113,1
149182,20270108,1
149182,20261016,1
149182,20260918,1
149182,20261204,1
149182,20261106,1
149182,20270129,1
149182,20270226,1
149182,20261009,1
149182,20260911,1
149182,20261127,1
149182,20270122,1
149182,20270219,1
147726,20270118,2
147726,20270215,2
147726,20260907,2
147726,20260831,1
147726,20260928,1
147726,20261026,1
147726,20261116,1
147726,20261214,1
147726,20260921,1
147726,20261019,1
147726,20261109,1
147726,20261207,1
147726,20270201,1
147726,20270104,1
147726,20261012,1
147726,20260914,1
147726,20261130,1
147726,20261102,1
147726,20270125,1
147726,20261228,1
147726,20270222,1
147726,20261005,1
147726,20261123,1
147726,20270322,1
147726,20261221,1
147726,20270315,1
147726,20270111,1
147726,20270308,1
147726,20270208,1
147726,20270301,1
147726,20261126,2
147726,20270304,1
147726,20260903,1
147726,20261001,1
147726,20261119,1
147726,20260924,1
147726,20261022,1
147726,20261112,1
147726,20261210,1
147726,20270204,1
147726,20270107,1
147726,20260917,1
147726,20261015,1
147726,20261105,1
147726,20261203,1
147726,20270128,1
147726,20261231,1
147726,20270225,1
147726,20260910,1
147726,20261008,1
147726,20270325,1
147726,20270121,1
147726,20261224,1
147726,20270218,1
147726,20261029,1
147726,20270318,1
147726,20270114,1
147726,20261217,1
147726,20270311,1
147726,20270211,1
147726,20270101,2
147726,20261127,2
147726,20261225,2
147726,20261030,1
147726,20270319,1
147726,20261218,1
147726,20270115,1
147726,20270312,1
147726,20270212,1
147726,20270305,1
147726,20270205,1
147726,20270326,1
147726,20260904,1
147726,20261002,1
147726,20261120,1
147726,20260925,1
147726,20261023,1
147726,20261211,1
147726,20261113,1
147726,20270108,1
147726,20261016,1
147726,20260918,1
147726,20261204,1
147726,20261106,1
147726,20270129,1
147726,20270226,1
147726,20261009,1
147726,20260911,1
147726,20270122,1
147726,20270219,1
145779,20260907,2
145779,20260831,1
145779,20260928,1
145779,20261026,1
145779,20261116,1
145779,20261214,1
145779,20260921,1
145779,20261019,1
145779,20261109,1
145779,20261207,1
145779,20270201,1
145779,20270104,1
145779,20261012,1
145779,20260914,1
145779,20261130,1
145779,20261102,1
145779,20270125,1
145779,20261228,1
145779,20270222,1
145779,20261005,1
145779,20261123,1
145779,20270322,1
145779,20270118,1
145779,20261221,1
145779,20270215,1
145779,20270315,1
145779,20270111,1
145779,20270308,1
145779,20270208,1
145779,20270301,1
145779,20261126,2
145779,20270304,1
145779,20260903,1
145779,20261001,1
145779,20261119,1
145779,20260924,1
145779,20261022,1
145779,20261112,1
145779,20261210,1
145779,20270204,1
145779,20270107,1
145779,20260917,1
145779,20261015,1
145779,20261105,1
145779,20261203,1
145779,20270128,1
145779,20261231,1
145779,20270225,1
145779,20260910,1
145779,20261008,1
145779,20270325,1
145779,20270121,1
145779,20261224,1
145779,20270218,1
145779,20261029,1
145779,20270318,1
145779,20270114,1
145779,20261217,1
145779,20270311,1
145779,20270211,1
145779,20260904,2
145779,20260925,2
145779,20260918,2
145779,20270101,2
145779,20260911,2
145779,20261225,2
145779,20261030,1
145779,20270319,1
145779,20261218,1
145779,20270115,1
145779,20270312,1
145779,20270212,1
145779,20270305,1
145779,20270205,1
145779,20270326,1
145779,20261002,1
145779,20261120,1
145779,20261023,1
145779,20261211,1
145779,20261113,1
145779,20270108,1
145779,20261016,1
145779,20261204,1
145779,20261106,1
145779,20270129,1
145779,20270226,1
145779,20261009,1
145779,20261127,1
145779,20270122,1
145779,20270219,1
128191,20261228,2
128191,20270118,2
128191,20261221,2
128191,20270215,2
128191,20260907,2
128191,20260928,1
128191,20261026,1
128191,20261116,1
128191,20261214,1
128191,20260921,1
128191,20261019,1
128191,20261109,1
128191,20261207,1
128191,20270201,1
128191,20270104,1
128191,20261012,1
128191,20260914,1
128191,20261130,1
128191,20261102,1
128191,20270125,1
128191,20270222,1
128191,20261005,1
128191,20261123,1
128191,20270322,1
128191,20270315,1
128191,20270111,1
128191,20270308,1
128191,20270208,1
128191,20270301,1
128191,20261229,2
128191,20261222,2
128191,20270216,2
128191,20260908,1
128191,20260929,1
128191,20261027,1
128191,20261215,1
128191,20261117,1
128191,20261020,1
128191,20260922,1
128191,20261208,1
128191,20261110,1
128191,20270202,1
128191,20270105,1
128191,20261013,1
128191,20260915,1
128191,20261201,1
128191,20261103,1
128191,20270126,1
128191,20270223,1
128191,20261006,1
128191,20261124,1
128191,20270323,1
128191,20270119,1
128191,20270316,1
128191,20270112,1
128191,20270309,1
128191,20270209,1
128191,20270302,1
128191,20261111,2
128191,20261230,2
128191,20261125,2
128191,20261223,2
128191,20270217,2
128191,20260902,1
128191,20260930,1
128191,20261216,1
128191,20261118,1
128191,20261021,1
128191,20260923,1
128191,20261209,1
128191,20270203,1
128191,20270106,1
128191,20260916,1
128191,20261014,1
128191,20261104,1
128191,20261202,1
128191,20270127,1
128191,20270224,1
128191,20260909,1
128191,20261007,1
128191,20270324,1
128191,20270120,1
128191,20261028,1
128191,20270317,1
128191,20270113,1
128191,20270310,1
128191,20270210,1
128191,20270303,1
128191,20261231,2
128191,20261126,2
128191,20261224,2
128191,20270218,2
128191,20270304,1
128191,20260903,1
128191,20261001,1
128191,20261119,1
128191,20260924,1
128191,20261022,1
128191,20261112,1
128191,20261210,1
128191,20270204,1
128191,20270107,1
128191,20260917,1
128191,20261015,1
128191,20261105,1
128191,20261203,1
128191,20270128,1
128191,20270225,1
128191,20260910,1
128191,20261008,1
128191,20270325,1
128191,20270121,1
128191,20261029,1
128191,20270318,1
128191,20270114,1
128191,20261217,1
128191,20270311,1
128191,20270211,1
128191,20270101,2
128191,20261009,2
128191,20261127,2
128191,20261225,2
128191,20270219,2
128191,20261030,1
128191,20270319,1
128191,20261218,1
128191,20270115,1
128191,20270312,1
128191,20270212,1
128191,20270305,1
128191,20270205,1
128191,20270326,1
128191,20260904,1
128191,20261002,1
128191,20261120,1
128191,20260925,1
128191,20261023,1
128191,20261211,1
128191,20261113,1
128191,20270108,1
128191,20261016,1
128191,20260918,1
128191,20261204,1
128191,20261106,1
128191,20270129,1
128191,20270226,1
128191,20260911,1
128191,20270122,1
125810,20261102,2
125810,20270125,2
125810,20261228,2
125810,20261123,2
125810,20270118,2
125810,20261221,2
125810,20270215,2
125810,20270308,2
125810,20260907,2
125810,20260928,1
125810,20261026,1
125810,20261116,1
125810,20261214,1
125810,20260921,1
125810,20261019,1
125810,20261109,1
125810,20261207,1
125810,20270201,1
125810,20270104,1
125810,20261012,1
125810,20260914,1
125810,20261130,1
125810,20270222,1
125810,20261005,1
125810,20270322,1
125810,20270315,1
125810,20270111,1
125810,20270208,1
125810,20270301,1
125810,20261229,2
125810,20261124,2
125810,20261222,2
125810,20270216,2
125810,20260908,1
125810,20260929,1
125810,20261027,1
125810,20261215,1
125810,20261117,1
125810,20261020,1
125810,20260922,1
125810,20261208,1
125810,20261110,1
125810,20270202,1
125810,20270105,1
125810,20261013,1
125810,20260915,1
125810,20261201,1
125810,20261103,1
125810,20270126,1
125810,20270223,1
125810,20261006,1
125810,20270323,1
125810,20270119,1
125810,20270316,1
125810,20270112,1
125810,20270309,1
125810,20270209,1
125810,20270302,1
125810,20261111,2
125810,20261230,2
125810,20261125,2
125810,20261223,2
125810,20270217,2
125810,20260902,1
125810,20260930,1
125810,20261216,1
125810,20261118,1
125810,20261021,1
125810,20260923,1
125810,20261209,1
125810,20270203,1
125810,20270106,1
125810,20260916,1
125810,20261014,1
125810,20261104,1
125810,20261202,1
125810,20270127,1
125810,20270224,1
125810,20260909,1
125810,20261007,1
125810,20270324,1
125810,20270120,1
125810,20261028,1
125810,20270317,1
125810,20270113,1
125810,20270310,1
125810,20270210,1
125810,20270303,1
125810,20261231,2
125810,20261126,2
125810,20261224,2
125810,20270218,2
125810,20270304,1
125810,20260903,1
125810,20261001,1
125810,20261119,1
125810,20260924,1
125810,20261022,1
125810,20261112,1
125810,20261210,1
125810,20270204,1
125810,20270107,1
125810,20260917,1
125810,20261015,1
125810,20261105,1
125810,20261203,1
125810,20270128,1
125810,20270225,1
125810,20260910,1
125810,20261008,1
125810,20270325,1
125810,20270121,1
125810,20261029,1
125810,20270318,1
125810,20270114,1
125810,20261217,1
125810,20270311,1
125810,20270211,1
125810,20270101,2
125810,20261009,2
125810,20261127,2
125810,20261225,2
125810,20270219,2
125810,20261030,1
125810,20270319,1
125810,20261218,1
125810,20270115,1
125810,20270312,1
125810,20270212,1
125810,20270305,1
125810,20270205,1
125810,20270326,1
125810,20260904,1
125810,20261002,1
125810,20261120,1
125810,20260925,1
125810,20261023,1
125810,20261211,1
125810,20261113,1
125810,20270108,1
125810,20261016,1
125810,20260918,1
125810,20261204,1
125810,20261106,1
125810,20270129,1
125810,20270226,1
125810,20260911,1
125810,20270122,1
103294,20261228,2
103294,20270118,2
103294,20261221,2
103294,20270215,2
103294,20260907,2
103294,20260928,1
103294,20261026,1
103294,20261116,1
103294,20261214,1
103294,20260921,1
103294,20261019,1
103294,20261109,1
103294,20261207,1
103294,20270201,1
103294,20270104,1
103294,20261012,1
103294,20260914,1
103294,20261130,1
103294,20261102,1
103294,20270125,1
103294,20270222,1
103294,20261005,1
103294,20261123,1
103294,20270322,1
103294,20270315,1
103294,20270111,1
103294,20270308,1
103294,20270208,1
103294,20270301,1
103294,20261229,2
103294,20261222,2
103294,20270216,2
103294,20260908,1
103294,20260929,1
103294,20261027,1
103294,20261215,1
103294,20261117,1
103294,20261020,1
103294,20260922,1
103294,20261208,1
103294,20261110,1
103294,20270202,1
103294,20270105,1
103294,20261013,1
103294,20260915,1
103294,20261201,1
103294,20261103,1
103294,20270126,1
103294,20270223,1
103294,20261006,1
103294,20261124,1
103294,20270323,1
103294,20270119,1
103294,20270316,1
103294,20270112,1
103294,20270309,1
103294,20270209,1
103294,20270302,1
103294,20260930,2
103294,20261216,2
103294,20261118,2
103294,20261021,2
103294,20260923,2
103294,20261111,2
103294,20261209,2
103294,20270203,2
103294,20270106,2
103294,20260916,2
103294,20261014,2
103294,20261104,2
103294,20261202,2
103294,20270127,2
103294,20261230,2
103294,20270224,2
103294,20260909,2
103294,20261007,2
103294,20261125,2
103294,20270324,2
103294,20270120,2
103294,20261223,2
103294,20270217,2
103294,20261028,2
103294,20270317,2
103294,20270113,2
103294,20270310,2
103294,20270210,2
103294,20270303,2
103294,20260902,1
103294,20270128,2
103294,20261231,2
103294,20261126,2
103294,20261224,2
103294,20270218,2
103294,20270304,1
103294,20260903,1
103294,20261001,1
103294,20261119,1
103294,20260924,1
103294,20261022,1
103294,20261112,1
103294,20261210,1
103294,20270204,1
103294,20270107,1
103294,20260917,1
103294,20261015,1
103294,20261105,1
103294,20261203,1
103294,20270225,1
103294,20260910,1
103294,20261008,1
103294,20270325,1
103294,20270121,1
103294,20261029,1
103294,20270318,1
103294,20270114,1
103294,20261217,1
103294,20270311,1
103294,20270211,1
103294,20261218,2
103294,20270101,2
103294,20261009,2
103294,20261127,2
103294,20261225,2
103294,20270219,2
103294,20261030,1
103294,20270319,1
103294,20270115,1
103294,20270312,1
103294,20270212,1
103294,20270305,1
103294,20270205,1
103294,20270326,1
103294,20260904,1
103294,20261002,1
103294,20261120,1
103294,20260925,1
103294,20261023,1
103294,20261211,1
103294,20261113,1
103294,20270108,1
103294,20261016,1
103294,20260918,1
103294,20261204,1
103294,20261106,1
103294,20270129,1
103294,20270226,1
103294,20260911,1
103294,20270122,1
35933,20260831,2
35933,20260928,2
35933,20261026,2
35933,20261116,2
35933,20261214,2
35933,20260921,2
35933,20261019,2
35933,20261109,2
35933,20261207,2
35933,20270201,2
35933,20270104,2
35933,20261012,2
35933,20260914,2
35933,20261130,2
35933,20261102,2
35933,20270125,2
35933,20261228,2
35933,20270222,2
35933,20261005,2
35933,20261123,2
35933,20261221,2
35933,20270315,2
35933,20270111,2
35933,20270308,2
35933,20270208,2
35933,20270301,2
35933,20270118,1
35933,20260907,1
35933,20270215,1
35933,20270304,2
35933,20260903,2
35933,20261001,2
35933,20261119,2
35933,20260924,2
35933,20261022,2
35933,20261112,2
35933,20261210,2
35933,20270204,2
35933,20270107,2
35933,20260917,2
35933,20261015,2
35933,20261105,2
35933,20261203,2
35933,20270128,2
35933,20261231,2
35933,20270225,2
35933,20260910,2
35933,20261008,2
35933,20270121,2
35933,20261224,2
35933,20270218,2
35933,20261029,2
35933,20270318,2
35933,20270114,2
35933,20261217,2
35933,20270311,2
35933,20270211,2
35933,20261126,1
35933,20261030,2
35933,20270319,2
35933,20270115,2
35933,20261218,2
35933,20270312,2
35933,20270212,2
35933,20270305,2
35933,20270205,2
35933,20260904,2
35933,20261002,2
35933,20261120,2
35933,20260925,2
35933,20261023,2
35933,20261211,2
35933,20261113,2
35933,20270108,2
35933,20261016,2
35933,20260918,2
35933,20261204,2
35933,20261106,2
35933,20270129,2
35933,20270226,2
35933,20261009,2
35933,20260911,2
35933,20261127,2
35933,20270122,2
35933,20270219,2
35933,20270101,1
35933,20261225,1
34059,20260831,2
34059,20260928,2
34059,20261026,2
34059,20261116,2
34059,20261214,2
34059,20260921,2
34059,20261019,2
34059,20261109,2
34059,20261207,2
34059,20270201,2
34059,20270104,2
34059,20261012,2
34059,20260914,2
34059,20261130,2
34059,20261102,2
34059,20270125,2
34059,20261228,2
34059,20270222,2
34059,20261005,2
34059,20261123,2
34059,20270118,2
34059,20261221,2
34059,20270215,2
34059,20270315,2
34059,20270111,2
34059,20270308,2
34059,20270208,2
34059,20270301,2
34059,20260907,1
34059,20270304,2
34059,20260903,2
34059,20261001,2
34059,20261119,2
34059,20260924,2
34059,20261022,2
34059,20261112,2
34059,20261210,2
34059,20270204,2
34059,20270107,2
34059,20260917,2
34059,20261015,2
34059,20261105,2
34059,20261203,2
34059,20270128,2
34059,20261231,2
34059,20270225,2
34059,20260910,2
34059,20261008,2
34059,20270121,2
34059,20261224,2
34059,20270218,2
34059,20261029,2
34059,20270318,2
34059,20270114,2
34059,20261217,2
34059,20270311,2
34059,20270211,2
34059,20261126,1
34059,20261030,2
34059,20270319,2
34059,20270115,2
34059,20261218,2
34059,20270312,2
34059,20270212,2
34059,20270305,2
34059,20270205,2
34059,20260904,2
34059,20261002,2
34059,20261120,2
34059,20260925,2
34059,20261023,2
34059,20261211,2
34059,20261113,2
34059,20270108,2
34059,20261016,2
34059,20260918,2
34059,20261204,2
34059,20261106,2
34059,20270129,2
34059,20270226,2
34059,20261009,2
34059,20260911,2
34059,20261127,2
34059,20270122,2
34059,20270219,2
34059,20270101,1
34059,20261225,1
33797,20260831,2
33797,20260928,2
33797,20261026,2
33797,20261116,2
33797,20261214,2
33797,20260921,2
33797,20261019,2
33797,20261109,2
33797,20261207,2
33797,20270201,2
33797,20270104,2
33797,20261012,2
33797,20260914,2
33797,20261130,2
33797,20261102,2
33797,20270125,2
33797,20261228,2
33797,20270222,2
33797,20261005,2
33797,20261123,2
33797,20261221,2
33797,20270315,2
33797,20270111,2
33797,20270308,2
33797,20270208,2
33797,20270301,2
33797,20270118,1
33797,20260907,1
33797,20270215,1
33797,20261030,2
33797,20270319,2
33797,20270115,2
33797,20261218,2
33797,20270312,2
33797,20270212,2
33797,20270305,2
33797,20270205,2
33797,20260904,2
33797,20261002,2
33797,20261120,2
33797,20260925,2
33797,20261023,2
33797,20261211,2
33797,20261113,2
33797,20270108,2
33797,20261016,2
33797,20260918,2
33797,20261204,2
33797,20261106,2
33797,20270129,2
33797,20270226,2
33797,20261009,2
33797,20260911,2
33797,20261127,2
33797,20270122,2
33797,20261225,2
33797,20270219,2
33797,20270101,1
33428,20260831,2
33428,20260928,2
33428,20261026,2
33428,20261116,2
33428,20261214,2
33428,20260921,2
33428,20261019,2
33428,20261109,2
33428,20261207,2
33428,20270201,2
33428,20270104,2
33428,20261012,2
33428,20260914,2
33428,20261130,2
33428,20261102,2
33428,20270125,2
33428,20261228,2
33428,20270222,2
33428,20261005,2
33428,20261123,2
33428,20261221,2
33428,20270315,2
33428,20270111,2
33428,20270308,2
33428,20270208,2
33428,20270301,2
33428,20260907,2
33428,20270118,1
33428,20270215,1
33428,20261030,2
33428,20270319,2
33428,20270115,2
33428,20261218,2
33428,20270312,2
33428,20270212,2
33428,20270305,2
33428,20270205,2
33428,20260904,2
33428,20261002,2
33428,20261120,2
33428,20260925,2
33428,20261023,2
33428,20261211,2
33428,20261113,2
33428,20270108,2
33428,20261016,2
33428,20260918,2
33428,20261204,2
33428,20261106,2
33428,20270129,2
33428,20270101,2
33428,20270226,2
33428,20261009,2
33428,20260911,2
33428,20270122,2
33428,20261225,2
33428,20270219,2
33428,20261127,1
31928,20260906,2
31928,20270110,1
31928,20260920,1
31928,20261018,1
31928,20261108,1
31928,20261206,1
31928,20270131,1
31928,20270103,1
31928,20270228,1
31928,20260913,1
31928,20261011,1
31928,20261129,1
31928,20270124,1
31928,20261227,1
31928,20270221,1
31928,20261004,1
31928,20261101,1
31928,20261122,1
31928,20270321,1
31928,20270117,1
31928,20261220,1
31928,20270314,1
31928,20270214,1
31928,20270307,1
31928,20270207,1
31928,20260830,1
31928,20261025,1
31928,20260927,1
31928,20261115,1
31928,20261213,1
31928,20270304,2
31928,20260903,2
31928,20261001,2
31928,20261119,2
31928,20260924,2
31928,20261022,2
31928,20261112,2
31928,20261210,2
31928,20270204,2
31928,20270107,2
31928,20260917,2
31928,20261015,2
31928,20261105,2
31928,20261203,2
31928,20270128,2
31928,20261231,2
31928,20270225,2
31928,20260910,2
31928,20261008,2
31928,20270121,2
31928,20261224,2
31928,20270218,2
31928,20261029,2
31928,20270318,2
31928,20270114,2
31928,20261217,2
31928,20270311,2
31928,20270211,2
31928,20261126,1
31928,20261030,2
31928,20270319,2
31928,20270115,2
31928,20261218,2
31928,20270312,2
31928,20270212,2
31928,20270305,2
31928,20270205,2
31928,20260904,2
31928,20261002,2
31928,20261120,2
31928,20260925,2
31928,20261023,2
31928,20261211,2
31928,20261113,2
31928,20270108,2
31928,20261016,2
31928,20260918,2
31928,20261204,2
31928,20261106,2
31928,20270129,2
31928,20270226,2
31928,20261009,2
31928,20260911,2
31928,20261127,2
31928,20270122,2
31928,20270219,2
31928,20270101,1
31928,20261225,1
28463,20260905,2
28463,20270227,1
28463,20260912,1
28463,20261010,1
28463,20261128,1
28463,20270123,1
28463,20261226,1
28463,20270220,1
28463,20261003,1
28463,20261031,1
28463,20270320,1
28463,20270116,1
28463,20261219,1
28463,20270313,1
28463,20270213,1
28463,20270306,1
28463,20270206,1
28463,20261121,1
28463,20260829,1
28463,20261024,1
28463,20260926,1
28463,20261212,1
28463,20261114,1
28463,20270109,1
28463,20261017,1
28463,20260919,1
28463,20261205,1
28463,20261107,1
28463,20270130,1
28463,20270102,1
25246,20260928,2
25246,20261026,2
25246,20261116,2
25246,20261214,2
25246,20260921,2
25246,20261019,2
25246,20261109,2
25246,20261207,2
25246,20270201,2
25246,20270104,2
25246,20261012,2
25246,20260914,2
25246,20261130,2
25246,20270222,2
25246,20261005,2
25246,20270111,2
25246,20270208,2
25246,20270301,2
25246,20260907,2
25246,20260831,1
25246,20261102,1
25246,20270308,1
25246,20261228,1
25246,20261221,1
25246,20270215,1
25246,20270125,1
25246,20261123,1
25246,20270118,1
25246,20260908,2
25246,20260929,2
25246,20261027,2
25246,20261215,2
25246,20261117,2
25246,20261020,2
25246,20260922,2
25246,20261208,2
25246,20261110,2
25246,20270202,2
25246,20270105,2
25246,20261013,2
25246,20260915,2
25246,20261201,2
25246,20261103,2
25246,20270126,2
25246,20270223,2
25246,20261006,2
25246,20270119,2
25246,20270112,2
25246,20270209,2
25246,20270302,2
25246,20261124,1
25246,20260901,1
25246,20270216,1
25246,20261229,1
25246,20261222,1
25246,20260902,2
25246,20260930,2
25246,20261216,2
25246,20261118,2
25246,20261021,2
25246,20260923,2
25246,20261209,2
25246,20270203,2
25246,20270106,2
25246,20260916,2
25246,20261014,2
25246,20261104,2
25246,20261202,2
25246,20270127,2
25246,20270224,2
25246,20260909,2
25246,20261007,2
25246,20270120,2
25246,20261028,2
25246,20270113,2
25246,20270210,2
25246,20270303,2
25246,20270217,1
25246,20261230,1
25246,20261111,1
25246,20261223,1
25246,20261125,1
25246,20270304,2
25246,20260903,2
25246,20261001,2
25246,20261119,2
25246,20260924,2
25246,20261022,2
25246,20261112,2
25246,20261210,2
25246,20270204,2
25246,20270107,2
25246,20260917,2
25246,20261015,2
25246,20261105,2
25246,20261203,2
25246,20270128,2
25246,20270225,2
25246,20260910,2
25246,20261008,2
25246,20261126,2
25246,20270121,2
25246,20261029,2
25246,20270114,2
25246,20261217,2
25246,20270211,2
25246,20270218,1
25246,20261231,1
25246,20261224,1
25246,20261030,2
25246,20270115,2
25246,20261218,2
25246,20270212,2
25246,20270305,2
25246,20270205,2
25246,20260904,2
25246,20261002,2
25246,20261120,2
25246,20260925,2
25246,20261023,2
25246,20261211,2
25246,20261113,2
25246,20270108,2
25246,20261016,2
25246,20260918,2
25246,20261204,2
25246,20261106,2
25246,20270129,2
25246,20270101,2
25246,20270226,2
25246,20260911,2
25246,20270122,2
25246,20261225,2
25246,20270219,1
25246,20261009,1
25246,20261127,1
24017,20261111,2
24017,20261230,2
24017,20261223,2
24017,20270217,2
24017,20260930,1
24017,20261216,1
24017,20261118,1
24017,20261021,1
24017,20260923,1
24017,20261209,1
24017,20270203,1
24017,20270106,1
24017,20260916,1
24017,20261014,1
24017,20261104,1
24017,20261202,1
24017,20270127,1
24017,20270224,1
24017,20260909,1
24017,20261007,1
24017,20261125,1
24017,20270324,1
24017,20270120,1
24017,20261028,1
24017,20270317,1
24017,20270113,1
24017,20270310,1
24017,20270210,1
24017,20270303,1
22865,20260928,2
22865,20261026,2
22865,20261116,2
22865,20261214,2
22865,20260921,2
22865,20261019,2
22865,20261109,2
22865,20261207,2
22865,20270201,2
22865,20270104,2
22865,20261012,2
22865,20260914,2
22865,20261130,2
22865,20261102,2
22865,20270125,2
22865,20261005,2
22865,20261123,2
22865,20270111,2
22865,20270208,2
22865,20260907,2
22865,20261221,1
22865,20270118,1
22865,20260831,1
22865,20270215,1
22865,20261228,1
22865,20260908,2
22865,20260929,2
22865,20261027,2
22865,20261215,2
22865,20261117,2
22865,20261020,2
22865,20260922,2
22865,20261208,2
22865,20261110,2
22865,20270202,2
22865,20270105,2
22865,20261013,2
22865,20260915,2
22865,20261201,2
22865,20261103,2
22865,20270126,2
22865,20261006,2
22865,20261124,2
22865,20270119,2
22865,20270112,2
22865,20270209,2
22865,20260901,1
22865,20270216,1
22865,20261229,1
22865,20261222,1
22865,20260902,2
22865,20260930,2
22865,20261216,2
22865,20261118,2
22865,20261021,2
22865,20260923,2
22865,20261209,2
22865,20270203,2
22865,20270106,2
22865,20260916,2
22865,20261014,2
22865,20261104,2
22865,20261202,2
22865,20270127,2
22865,20260909,2
22865,20261007,2
22865,20270120,2
22865,20261028,2
22865,20270113,2
22865,20270210,2
22865,20270217,1
22865,20261230,1
22865,20261111,1
22865,20261223,1
22865,20261125,1
22865,20260903,2
22865,20261001,2
22865,20261119,2
22865,20260924,2
22865,20261022,2
22865,20261112,2
22865,20261210,2
22865,20270204,2
22865,20270107,2
22865,20260917,2
22865,20261015,2
22865,20261105,2
22865,20261203,2
22865,20270128,2
22865,20260910,2
22865,20261008,2
22865,20261126,2
22865,20270121,2
22865,20261029,2
22865,20270114,2
22865,20261217,2
22865,20270211,2
22865,20270218,1
22865,20261231,1
22865,20261224,1
22865,20261030,2
22865,20270115,2
22865,20261218,2
22865,20270212,2
22865,20270205,2
22865,20260904,2
22865,20261002,2
22865,20261120,2
22865,20260925,2
22865,20261023,2
22865,20261211,2
22865,20261113,2
22865,20270108,2
22865,20261016,2
22865,20260918,2
22865,20261204,2
22865,20261106,2
22865,20270129,2
22865,20270101,2
22865,20260911,2
22865,20270122,2
22865,20261225,2
22865,20270219,1
22865,20261009,1
22865,20261127,1
4015,20260831,2
4015,20260907,1
3291,20261203,2
3291,20261231,2
3291,20261224,2
3291,20261217,2
3291,20261210,2
3291,20261126,1
3291,20261218,2
3291,20261211,2
3291,20261204,2
3291,20261127,2
3291,20270101,1
3291,20261225,1
