service_id,monday,tuesday,wednesday,thursday,friday,saturday,sunday,start_date,end_date
103294,0,0,0,0,0,0,0,20260902,20270326
125810,0,0,0,0,0,0,0,20260902,20270326
128191,0,0,0,0,0,0,0,20260902,20270326
1420,1,0,0,0,0,0,0,20260907,20260907
145779,0,1,1,0,0,0,0,20260831,20270326
147726,0,1,1,0,0,0,0,20260831,20270326
149182,0,1,1,0,0,0,0,20260831,20270326
151056,0,1,1,0,0,0,0,20260831,20270326
155767,1,1,1,1,1,0,0,20260831,20270326
1635,0,0,0,0,0,1,0,20260905,20260905
1877,0,0,0,0,0,1,0,20260829,20260905
1884,0,0,0,0,0,0,1,20260830,20260830
22865,0,0,0,0,0,0,0,20260831,20270219
24017,0,0,0,0,0,0,0,20260909,20270324
242,0,0,0,0,0,1,0,20260829,20260829
25246,0,0,0,0,0,0,0,20260831,20270308
2595,0,0,0,0,0,0,1,20260830,20260906
28463,0,0,0,0,0,0,0,20260829,20270320
29348,0,0,0,0,0,0,1,20260830,20270321
30098,0,0,0,0,0,1,0,20260829,20270320
31928,0,0,0,0,0,0,0,20260830,20270321
3291,0,0,0,0,0,0,0,20261126,20270101
33428,0,0,0,0,0,1,0,20260829,20270320
33797,0,0,0,0,0,0,1,20260830,20270321
34059,0,0,0,0,0,0,1,20260830,20270321
35933,0,0,0,0,0,0,1,20260830,20270321
4015,0,0,0,0,0,0,1,20260830,20260907
5277,0,0,0,0,1,0,0,20260904,20260925
6236,1,1,1,1,1,0,0,20260831,20260904
63424.171903,1,1,1,1,1,0,0,20260829,20271231
711,0,0,0,0,0,0,1,20260906,20260906
